              precision    recall  f1-score   support

           0     1.0000    1.0000    1.0000         5
           1     0.8571    0.8571    0.8571         7
           2     0.8000    1.0000    0.8889         4
           3     1.0000    0.8571    0.9231         7
           4     1.0000    1.0000    1.0000         7
           5     1.0000    1.0000    1.0000         7
           6     1.0000    1.0000    1.0000         9
           7     1.0000    1.0000    1.0000         4
           8     1.0000    1.0000    1.0000         2
           9     0.8750    0.8750    0.8750         8

    accuracy                         0.9500        60
   macro avg     0.9532    0.9589    0.9544        60
weighted avg     0.9533    0.9500    0.9503        60
