              precision    recall  f1-score   support

           0     1.0000    1.0000    1.0000         1
           1     0.6000    1.0000    0.7500         3
           2     0.7500    0.7500    0.7500         4
           3     0.8333    1.0000    0.9091         5
           4     1.0000    0.8571    0.9231         7
           5     0.8000    1.0000    0.8889         4
           6     1.0000    1.0000    1.0000         5
           7     0.8000    1.0000    0.8889         4
           8     1.0000    0.5000    0.6667         2
           9     1.0000    0.4000    0.5714         5

    accuracy                         0.8500        40
   macro avg     0.8783    0.8507    0.8348        40
weighted avg     0.8842    0.8500    0.8390        40
