              precision    recall  f1-score   support

           0     1.0000    1.0000    1.0000         1
           1     0.7500    1.0000    0.8571         3
           2     1.0000    1.0000    1.0000         4
           3     1.0000    0.8000    0.8889         5
           4     1.0000    0.8571    0.9231         7
           5     1.0000    1.0000    1.0000         4
           6     1.0000    1.0000    1.0000         5
           7     0.8000    1.0000    0.8889         4
           8     1.0000    1.0000    1.0000         2
           9     0.8000    0.8000    0.8000         5

    accuracy                         0.9250        40
   macro avg     0.9350    0.9457    0.9358        40
weighted avg     0.9363    0.9250    0.9258        40
