              precision    recall  f1-score   support

           1     0.0000    0.0000    0.0000         1
           2     0.0000    0.0000    0.0000         1
           3     0.0000    0.0000    0.0000         1
           5     0.0000    0.0000    0.0000         0
           6     1.0000    1.0000    1.0000         1
           7     0.0000    0.0000    0.0000         1
           8     0.0000    0.0000    0.0000         0
           9     1.0000    1.0000    1.0000         1

    accuracy                         0.3333         6
   macro avg     0.2500    0.2500    0.2500         6
weighted avg     0.3333    0.3333    0.3333         6
