              precision    recall  f1-score   support

           0     1.0000    1.0000    1.0000         2
           1     0.8333    1.0000    0.9091         5
           2     1.0000    1.0000    1.0000         4
           3     1.0000    0.8571    0.9231         7
           4     1.0000    0.8571    0.9231         7
           5     1.0000    1.0000    1.0000         5
           6     1.0000    1.0000    1.0000         8
           7     0.8000    1.0000    0.8889         4
           8     1.0000    1.0000    1.0000         2
           9     0.8333    0.8333    0.8333         6

    accuracy                         0.9400        50
   macro avg     0.9467    0.9548    0.9477        50
weighted avg     0.9473    0.9400    0.9405        50
