              precision    recall  f1-score   support

           0     1.0000    1.0000    1.0000         1
           1     0.2500    0.5000    0.3333         2
           2     0.6667    0.5000    0.5714         4
           3     1.0000    1.0000    1.0000         5
           4     1.0000    0.6667    0.8000         3
           5     1.0000    1.0000    1.0000         4
           6     1.0000    1.0000    1.0000         3
           7     0.7500    1.0000    0.8571         3
           8     1.0000    1.0000    1.0000         2
           9     1.0000    0.6667    0.8000         3

    accuracy                         0.8333        30
   macro avg     0.8667    0.8333    0.8362        30
weighted avg     0.8806    0.8333    0.8441        30
