              precision    recall  f1-score   support

           0     1.0000    1.0000    1.0000         1
           1     0.6667    1.0000    0.8000         2
           2     1.0000    1.0000    1.0000         4
           3     1.0000    1.0000    1.0000         5
           4     1.0000    1.0000    1.0000         3
           5     1.0000    1.0000    1.0000         4
           6     1.0000    1.0000    1.0000         3
           7     1.0000    1.0000    1.0000         3
           8     1.0000    1.0000    1.0000         2
           9     1.0000    0.6667    0.8000         3

    accuracy                         0.9667        30
   macro avg     0.9667    0.9667    0.9600        30
weighted avg     0.9778    0.9667    0.9667        30
