              precision    recall  f1-score   support

           1     0.5000    0.5000    0.5000         2
           2     0.5000    0.3333    0.4000         3
           3     0.5000    1.0000    0.6667         1
           5     0.6667    1.0000    0.8000         2
           6     1.0000    1.0000    1.0000         1
           7     0.0000    0.0000    0.0000         1
           8     0.0000    0.0000    0.0000         0
           9     1.0000    0.5000    0.6667         2

    accuracy                         0.5833        12
   macro avg     0.5208    0.5417    0.5042        12
weighted avg     0.6111    0.5833    0.5667        12
