              precision    recall  f1-score   support

           0     0.0000    0.0000    0.0000         0
           1     0.0000    0.0000    0.0000         1
           2     0.0000    0.0000    0.0000         1
           3     1.0000    1.0000    1.0000         1
           5     0.0000    0.0000    0.0000         0
           6     1.0000    1.0000    1.0000         1
           7     0.0000    0.0000    0.0000         1
           8     0.0000    0.0000    0.0000         0
           9     0.0000    0.0000    0.0000         1

    accuracy                         0.3333         6
   macro avg     0.2222    0.2222    0.2222         6
weighted avg     0.3333    0.3333    0.3333         6
