              precision    recall  f1-score   support

           1     0.6667    1.0000    0.8000         2
           2     0.0000    0.0000    0.0000         3
           3     0.5000    1.0000    0.6667         1
           5     0.6667    1.0000    0.8000         2
           6     1.0000    1.0000    1.0000         1
           7     0.0000    0.0000    0.0000         1
           8     0.0000    0.0000    0.0000         0
           9     0.0000    0.0000    0.0000         2

    accuracy                         0.5000        12
   macro avg     0.3542    0.5000    0.4083        12
weighted avg     0.3472    0.5000    0.4056        12
