              precision    recall  f1-score   support

           0     1.0000    1.0000    1.0000         1
           1     0.3333    0.5000    0.4000         2
           2     1.0000    0.2500    0.4000         4
           3     0.6667    1.0000    0.8000         2
           4     1.0000    0.5000    0.6667         2
           5     0.6667    1.0000    0.8000         2
           6     1.0000    1.0000    1.0000         1
           7     0.6667    1.0000    0.8000         2
           8     0.0000    0.0000    0.0000         0
           9     1.0000    0.5000    0.6667         2

    accuracy                         0.6667        18
   macro avg     0.7333    0.6750    0.6533        18
weighted avg     0.8148    0.6667    0.6593        18
