              precision    recall  f1-score   support

           0     1.0000    1.0000    1.0000         1
           1     0.5000    1.0000    0.6667         2
           2     0.7500    0.7500    0.7500         4
           3     1.0000    1.0000    1.0000         3
           4     1.0000    0.6667    0.8000         3
           5     1.0000    1.0000    1.0000         2
           6     1.0000    1.0000    1.0000         1
           7     0.7500    1.0000    0.8571         3
           8     1.0000    0.5000    0.6667         2
           9     1.0000    0.6667    0.8000         3

    accuracy                         0.8333        24
   macro avg     0.9000    0.8583    0.8540        24
weighted avg     0.8854    0.8333    0.8349        24
