              precision    recall  f1-score   support

           0     1.0000    1.0000    1.0000         1
           1     0.5000    0.5000    0.5000         2
           2     1.0000    0.5000    0.6667         4
           3     0.5000    1.0000    0.6667         2
           4     0.5000    0.5000    0.5000         2
           5     0.6667    1.0000    0.8000         2
           6     1.0000    1.0000    1.0000         1
           7     1.0000    1.0000    1.0000         2
           9     1.0000    0.5000    0.6667         2

    accuracy                         0.7222        18
   macro avg     0.7963    0.7778    0.7556        18
weighted avg     0.7963    0.7222    0.7185        18
