              precision    recall  f1-score   support

           0     1.0000    1.0000    1.0000         7
           1     0.8750    1.0000    0.9333         7
           2     1.0000    1.0000    1.0000         5
           3     1.0000    0.8571    0.9231         7
           4     1.0000    1.0000    1.0000         9
           5     1.0000    1.0000    1.0000        10
           6     1.0000    1.0000    1.0000         9
           7     1.0000    1.0000    1.0000         6
           8     1.0000    1.0000    1.0000         2
           9     0.8750    0.8750    0.8750         8

    accuracy                         0.9714        70
   macro avg     0.9750    0.9732    0.9731        70
weighted avg     0.9732    0.9714    0.9714        70
